#	This file contains the features of segments that I was able to obtain from Michael Becker.
#	Each feature is represented by a column of numbers and for every segment has the value of either
#	Feature names are collected every time the aligner goes through this file, but not
#	 stored at this time.  Potentially in the future they might be more actively used.
#	The question at this time is whether or not to expand the number of features in question to include
#	 for example, stress, duration of vowels etc.
consonantal	sonorant	continuant	delayed_release	approximant	tap	trill	nasal	voice	spread_gl	constricted_gl	labial	round	labiodental	coronal	anterior	distributed	strident	lateral	dorsal	high	low	front	back	tense	stressed
p	1	-1	-1	-1	-1	-1	-1	-1	-1	-1	-1	1	-1	-1	-1	0	0	0	-1	-1	0	0	0	0	0	0
# for now palatalized consonants are denoted  by setting front and high to 1
pʲ	1	-1	-1	-1	-1	-1	-1	-1	-1	-1	-1	1	-1	-1	-1	0	0	0	-1	-1	1	0	1	0	0	0
b	1	-1	-1	-1	-1	-1	-1	-1	1	-1	-1	1	-1	-1	-1	0	0	0	-1	-1	0	0	0	0	0	0
bʲ	1	-1	-1	-1	-1	-1	-1	-1	1	-1	-1	1	-1	-1	-1	0	0	0	-1	-1	1	0	1	0	0	0
ɸ	1	-1	1	-1	-1	-1	-1	-1	-1	-1	-1	1	-1	-1	-1	0	0	0	-1	-1	0	0	0	0	0	0
β	1	-1	1	-1	-1	-1	-1	-1	1	-1	-1	1	-1	-1	-1	0	0	0	-1	-1	0	0	0	0	0	0
m	1	1	-1	1	-1	-1	-1	1	1	-1	-1	1	-1	-1	-1	0	0	0	-1	-1	0	0	0	0	0	0
mʲ	1	1	-1	1	-1	-1	-1	1	1	-1	-1	1	-1	-1	-1	0	0	0	-1	-1	1	0	1	0	0	0
ʙ	1	1	1	1	1	-1	1	-1	1	-1	-1	1	-1	-1	-1	0	0	0	-1	-1	0	0	0	0	0	0
p͡f	1	-1	-1	1	-1	-1	-1	-1	-1	-1	-1	1	-1	1	-1	0	0	0	-1	-1	0	0	0	0	0	0
f	1	-1	1	1	-1	-1	-1	-1	-1	-1	-1	1	-1	1	-1	0	0	0	-1	-1	0	0	0	0	0	0
fʲ	1	-1	1	1	-1	-1	-1	-1	-1	-1	-1	1	-1	1	-1	0	0	0	-1	-1	1	0	1	0	0	0
v	1	-1	1	1	-1	-1	-1	-1	1	-1	-1	1	-1	1	-1	0	0	0	-1	-1	0	0	0	0	0	0
vʲ	1	-1	1	1	-1	-1	-1	-1	1	-1	-1	1	-1	1	-1	0	0	0	-1	-1	1	0	1	0	0	0
ɱ	1	1	-1	0	-1	-1	-1	1	1	-1	-1	1	-1	1	-1	0	0	0	-1	-1	0	0	0	0	0	0
ʋ	-1	1	1	0	1	-1	-1	-1	1	-1	-1	1	-1	1	-1	0	0	0	-1	-1	0	0	0	0	0	0
t̪	1	-1	-1	-1	-1	-1	-1	-1	-1	-1	-1	-1	-1	-1	1	1	1	-1	-1	-1	0	0	0	0	0	0
d̪	1	-1	-1	-1	-1	-1	-1	-1	1	-1	-1	-1	-1	-1	1	1	1	-1	-1	-1	0	0	0	0	0	0
θ	1	-1	1	1	-1	-1	-1	-1	-1	-1	-1	-1	-1	-1	1	1	1	-1	-1	-1	0	0	0	0	0	0
ð	1	-1	1	1	-1	-1	-1	-1	1	-1	-1	-1	-1	-1	1	1	1	-1	-1	-1	0	0	0	0	0	0
t	1	-1	-1	-1	-1	-1	-1	-1	-1	-1	-1	-1	-1	-1	1	1	-1	-1	-1	-1	0	0	0	0	0	0
tʲ	1	-1	-1	-1	-1	-1	-1	-1	-1	-1	-1	-1	-1	-1	1	1	-1	-1	-1	-1	1	0	1	0	0	0
d	1	-1	-1	-1	-1	-1	-1	-1	1	-1	-1	-1	-1	-1	1	1	-1	-1	-1	-1	0	0	0	0	0	0
dʲ	1	-1	-1	-1	-1	-1	-1	-1	1	-1	-1	-1	-1	-1	1	1	-1	-1	-1	-1	1	0	1	0	0	0
ʦ	1	-1	-1	1	-1	-1	-1	-1	-1	-1	-1	-1	-1	-1	1	1	-1	1	-1	-1	0	0	0	0	0	0
ʦʲ	1	-1	-1	1	-1	-1	-1	-1	-1	-1	-1	-1	-1	-1	1	1	-1	1	-1	-1	1	0	1	0	0	0
d͡z	1	-1	-1	1	-1	-1	-1	-1	1	-1	-1	-1	-1	-1	1	1	-1	1	-1	-1	0	0	0	0	0	0
t͡ɬ	1	-1	-1	1	-1	-1	-1	-1	-1	-1	-1	-1	-1	-1	1	1	-1	-1	1	-1	0	0	0	0	0	0
s	1	-1	1	1	-1	-1	-1	-1	-1	-1	-1	-1	-1	-1	1	1	-1	1	-1	-1	0	0	0	0	0	0
sʲ	1	-1	1	1	-1	-1	-1	-1	-1	-1	-1	-1	-1	-1	1	1	-1	1	-1	-1	1	0	1	0	0	0
z	1	-1	1	1	-1	-1	-1	-1	1	-1	-1	-1	-1	-1	1	1	-1	1	-1	-1	0	0	0	0	0	0
zʲ	1	-1	1	1	-1	-1	-1	-1	1	-1	-1	-1	-1	-1	1	1	-1	1	-1	-1	1	0	1	0	0	0
n	1	1	-1	0	-1	-1	-1	1	1	-1	-1	-1	-1	-1	1	1	-1	-1	-1	-1	0	0	0	0	0	0
nʲ	1	1	-1	0	-1	-1	-1	1	1	-1	-1	-1	-1	-1	1	1	-1	-1	-1	-1	1	0	1	0	0	0
l	1	1	1	0	1	-1	-1	-1	1	-1	-1	-1	-1	-1	1	1	-1	-1	1	-1	0	0	0	0	0	0
lʲ	1	1	1	0	1	-1	-1	-1	1	-1	-1	-1	-1	-1	1	1	-1	-1	1	-1	1	0	1	0	0	0
ɬ	1	-1	1	1	-1	-1	-1	-1	-1	-1	-1	-1	-1	-1	1	1	-1	-1	1	-1	0	0	0	0	0	0
ɮ	1	-1	1	1	-1	-1	-1	-1	1	-1	-1	-1	-1	-1	1	1	-1	-1	1	-1	0	0	0	0	0	0
ɾ	1	1	1	0	1	1	-1	-1	1	-1	-1	-1	-1	-1	1	1	-1	-1	-1	-1	0	0	0	0	0	0
ɺ	1	1	1	0	1	1	-1	-1	1	-1	-1	-1	-1	-1	1	1	-1	-1	1	-1	0	0	0	0	0	0
r	1	1	1	0	1	-1	1	-1	1	-1	-1	-1	-1	-1	1	1	-1	-1	-1	-1	0	0	0	0	0	0
rʲ	1	1	1	0	1	-1	1	-1	1	-1	-1	-1	-1	-1	1	1	-1	-1	-1	-1	1	0	1	0	0	0
ʧ	1	-1	-1	1	-1	-1	-1	-1	-1	-1	-1	-1	-1	-1	1	-1	1	1	-1	-1	0	0	0	0	0	0
ʧʲ	1	-1	-1	1	-1	-1	-1	-1	-1	-1	-1	-1	-1	-1	1	-1	1	1	-1	-1	1	0	1	0	0	0
ʤ	1	-1	-1	1	-1	-1	-1	-1	1	-1	-1	-1	-1	-1	1	-1	1	1	-1	-1	0	0	0	0	0	0
ʤʲ	1	-1	-1	1	-1	-1	-1	-1	1	-1	-1	-1	-1	-1	1	-1	1	1	-1	-1	1	0	1	0	0	0
ʃ	1	-1	1	1	-1	-1	-1	-1	-1	-1	-1	-1	-1	-1	1	-1	1	1	-1	-1	0	0	0	0	0	0
ʃʲ	1	-1	1	1	-1	-1	-1	-1	-1	-1	-1	-1	-1	-1	1	-1	1	1	-1	-1	1	0	1	0	0	0
ʃʃ	1	-1	1	1	-1	-1	-1	-1	-1	-1	-1	-1	-1	-1	1	-1	1	1	-1	-1	0	0	0	0	0	0
ʃʃʲ	1	-1	1	1	-1	-1	-1	-1	-1	-1	-1	-1	-1	-1	1	-1	1	1	-1	-1	1	0	1	0	0	0
ʒ	1	-1	1	1	-1	-1	-1	-1	1	-1	-1	-1	-1	-1	1	-1	1	1	-1	-1	0	0	0	0	0	0
ʒʲ	1	-1	1	1	-1	-1	-1	-1	1	-1	-1	-1	-1	-1	1	-1	1	1	-1	-1	1	0	1	0	0	0
ɹ	1	1	1	0	1	-1	-1	-1	1	-1	-1	-1	-1	-1	1	-1	1	-1	-1	-1	0	0	0	0	0	0
ʈ	1	-1	-1	-1	-1	-1	-1	-1	-1	-1	-1	-1	-1	-1	1	-1	-1	-1	-1	-1	0	0	0	0	0	0
ɖ	1	-1	-1	-1	-1	-1	-1	-1	1	-1	-1	-1	-1	-1	-1	-1	-1	-1	-1	-1	0	0	0	0	0	0
ʂ	1	-1	1	1	-1	-1	-1	-1	-1	-1	-1	-1	-1	-1	1	-1	-1	1	-1	-1	0	0	0	0	0	0
ʐ	1	-1	1	1	-1	-1	-1	-1	1	-1	-1	-1	-1	-1	1	-1	-1	1	-1	-1	0	0	0	0	0	0
ɳ	1	1	-1	0	-1	-1	-1	1	1	-1	-1	-1	-1	-1	1	-1	-1	-1	-1	-1	0	0	0	0	0	0
ɭ	1	1	1	0	1	-1	-1	-1	1	-1	-1	-1	-1	-1	1	-1	-1	-1	1	-1	0	0	0	0	0	0
ɽ	1	1	1	0	1	1	-1	-1	1	-1	-1	-1	-1	-1	1	-1	-1	-1	-1	-1	0	0	0	0	0	0
ɻ	1	1	1	0	1	-1	-1	-1	1	-1	-1	-1	-1	-1	1	-1	-1	-1	-1	-1	0	0	0	0	0	0
k̘	1	-1	-1	-1	-1	-1	-1	-1	-1	-1	-1	-1	-1	-1	-1	0	0	0	-1	1	1	-1	1	-1	0	0
g̘	1	-1	-1	-1	-1	-1	-1	-1	1	-1	-1	-1	-1	-1	-1	0	0	0	-1	1	1	-1	1	-1	0	0
ɡ̘	1	-1	-1	-1	-1	-1	-1	-1	1	-1	-1	-1	-1	-1	-1	0	0	0	-1	1	1	-1	1	-1	0	0
x̘	1	-1	1	1	-1	-1	-1	-1	-1	-1	-1	-1	-1	-1	-1	0	0	0	-1	1	1	-1	1	-1	0	0
j	1	1	1	0	1	-1	-1	-1	1	-1	-1	-1	-1	-1	-1	0	0	0	-1	1	1	-1	1	-1	1	0
k	1	-1	-1	-1	-1	-1	-1	-1	-1	-1	-1	-1	-1	-1	-1	0	0	0	-1	1	1	-1	0	0	0	0
# it's interesting that there is only one feature difference between k and its palatalized version
kʲ	1	-1	-1	-1	-1	-1	-1	-1	-1	-1	-1	-1	-1	-1	-1	0	0	0	-1	1	1	-1	1	0	0	0
g	1	-1	-1	-1	-1	-1	-1	-1	1	-1	-1	-1	-1	-1	-1	0	0	0	-1	1	1	-1	0	0	0	0
gʲ	1	-1	-1	-1	-1	-1	-1	-1	1	-1	-1	-1	-1	-1	-1	0	0	0	-1	1	1	-1	1	0	0	0
ŋ	1	1	-1	0	-1	-1	-1	1	1	-1	-1	-1	-1	-1	-1	0	0	0	-1	1	1	-1	0	0	0	0
k͡x	1	-1	-1	1	-1	-1	-1	-1	-1	-1	-1	-1	-1	-1	-1	0	0	0	-1	1	1	-1	0	0	0	0
x	1	-1	1	1	-1	-1	-1	-1	-1	-1	-1	-1	-1	-1	-1	0	0	0	-1	1	1	-1	0	0	0	0
xʲ	1	-1	1	1	-1	-1	-1	-1	-1	-1	-1	-1	-1	-1	-1	0	0	0	-1	1	1	-1	1	0	0	0
ɣ	1	-1	1	1	-1	-1	-1	-1	1	-1	-1	-1	-1	-1	-1	0	0	0	-1	1	1	-1	0	0	0	0
ʟ	1	1	1	0	1	-1	-1	-1	1	-1	-1	-1	-1	-1	-1	0	0	0	1	1	1	-1	0	0	0	0
k̙	1	-1	-1	-1	-1	-1	-1	-1	-1	-1	-1	-1	-1	-1	-1	0	0	0	-1	1	1	-1	-1	1	0	0
g̙	1	-1	-1	-1	-1	-1	-1	-1	1	-1	-1	-1	-1	-1	-1	0	0	0	-1	1	1	-1	-1	1	0	0
ɡ̙	1	-1	-1	-1	-1	-1	-1	-1	1	-1	-1	-1	-1	-1	-1	0	0	0	-1	1	1	-1	-1	1	0	0
x̙	1	-1	1	1	-1	-1	-1	-1	-1	-1	-1	-1	-1	-1	-1	0	0	0	-1	1	1	-1	-1	1	0	0
ɣ̙	1	-1	1	1	-1	-1	-1	-1	1	-1	-1	-1	-1	-1	-1	0	0	0	-1	1	1	-1	-1	1	0	0
q	1	-1	-1	-1	-1	-1	-1	-1	-1	-1	-1	-1	-1	-1	-1	0	0	0	-1	1	-1	-1	-1	1	0	0
ɢ	1	-1	-1	-1	-1	-1	-1	-1	1	-1	-1	-1	-1	-1	-1	0	0	0	-1	1	-1	-1	-1	1	0	0
χ	1	-1	1	1	-1	-1	-1	-1	-1	-1	-1	-1	-1	-1	-1	0	0	0	-1	1	-1	-1	-1	1	0	0
ʁ	1	-1	1	1	-1	-1	-1	-1	1	-1	-1	-1	-1	-1	-1	0	0	0	-1	1	-1	-1	-1	1	0	0
ɴ	1	1	-1	0	-1	-1	-1	1	1	-1	-1	-1	-1	-1	-1	0	0	0	-1	1	-1	-1	-1	1	0	0
ʀ	1	1	1	0	1	-1	1	-1	1	-1	-1	-1	-1	-1	-1	0	0	0	-1	1	-1	-1	-1	1	0	0
ħ	1	-1	1	1	-1	-1	-1	-1	-1	-1	-1	-1	-1	-1	-1	0	0	0	-1	1	-1	1	-1	1	0	0
ʕ	1	-1	1	-1	-1	-1	-1	-1	1	-1	-1	-1	-1	-1	-1	0	0	0	-1	1	-1	1	-1	1	0	0
ʔ	1	-1	-1	-1	-1	-1	-1	-1	-1	-1	1	-1	-1	-1	-1	0	0	0	-1	-1	0	0	0	0	0	0
h	-1	-1	1	1	-1	-1	-1	-1	-1	1	-1	-1	-1	-1	-1	0	0	0	-1	-1	0	0	0	0	0	0
hʲ	-1	-1	1	1	-1	-1	-1	-1	-1	1	-1	-1	-1	-1	-1	0	0	0	-1	-1	1	0	1	0	0	0
ɦ	-1	-1	1	1	-1	-1	-1	-1	1	1	-1	-1	-1	-1	-1	0	0	0	-1	-1	0	0	0	0	0	0
w	-1	1	1	0	1	-1	-1	-1	1	-1	-1	1	1	-1	-1	0	0	0	-1	1	1	-1	-1	1	1	0
ʍ	-1	-1	1	1	-1	-1	-1	-1	-1	1	-1	1	1	-1	-1	0	0	0	-1	1	1	-1	-1	1	1	0
k͡p	1	-1	-1	-1	-1	-1	-1	-1	-1	-1	-1	1	-1	-1	-1	0	0	0	-1	1	1	-1	0	0	0	0
ɡ͡b	1	-1	-1	-1	-1	-1	-1	-1	1	-1	-1	1	-1	-1	-1	0	0	0	-1	1	1	-1	0	0	0	0
ɥ	-1	1	1	0	1	-1	-1	-1	1	-1	-1	1	1	-1	-1	0	0	0	-1	1	1	-1	1	-1	1	0
t͡ɕ	1	-1	-1	1	-1	-1	-1	-1	-1	-1	-1	-1	-1	-1	1	0	1	1	-1	1	1	-1	1	-1	0	0
d͡ʑ	1	-1	-1	1	-1	-1	-1	-1	1	-1	-1	-1	-1	-1	1	0	1	1	-1	1	1	-1	1	-1	0	0
ɕ	1	-1	1	1	-1	-1	-1	-1	-1	-1	-1	-1	-1	-1	1	0	1	1	-1	1	1	-1	1	-1	0	0
ʑ	1	-1	1	1	-1	-1	-1	-1	1	-1	-1	-1	-1	-1	1	0	1	1	-1	1	1	-1	1	-1	0	0
c	1	-1	-1	-1	-1	-1	-1	-1	-1	-1	-1	-1	-1	-1	1	0	1	-1	-1	1	1	-1	1	-1	0	0
ɟ	1	-1	-1	-1	-1	-1	-1	-1	1	-1	-1	-1	-1	-1	1	0	1	-1	-1	1	1	-1	1	-1	0	0
ç	1	-1	1	1	-1	-1	-1	-1	-1	-1	-1	-1	-1	-1	1	0	1	-1	-1	1	1	-1	1	-1	0	0
ʝ	1	-1	1	1	-1	-1	-1	-1	1	-1	-1	-1	-1	-1	1	0	1	-1	-1	1	1	-1	1	-1	0	0
ɲ	1	1	-1	0	-1	-1	-1	1	1	-1	-1	-1	-1	-1	1	0	1	-1	-1	1	1	-1	1	-1	0	0
ʎ	1	1	1	0	1	-1	-1	-1	1	-1	-1	-1	-1	-1	1	0	1	-1	1	1	1	-1	1	-1	0	0
i	-1	1	1	0	1	-1	-1	-1	1	-1	-1	-1	-1	-1	-1	0	0	0	-1	1	1	-1	1	-1	1	-1
í	-1	1	1	0	1	-1	-1	-1	1	-1	-1	-1	-1	-1	-1	0	0	0	-1	1	1	-1	1	-1	1	1
# the entry below has to do with secondary stress, please check about this with michael
ì	-1	1	1	0	1	-1	-1	-1	1	-1	-1	-1	-1	-1	-1	0	0	0	-1	1	1	-1	1	-1	1	1
y	-1	1	1	0	1	-1	-1	-1	1	-1	-1	-1	1	-1	-1	0	0	0	-1	1	1	-1	1	-1	1	-1
ɨ	-1	1	1	0	1	-1	-1	-1	1	-1	-1	-1	-1	-1	-1	0	0	0	-1	1	1	-1	-1	-1	1	-1
ʉ	-1	1	1	0	1	-1	-1	-1	1	-1	-1	-1	1	-1	-1	0	0	0	-1	1	1	-1	-1	-1	1	-1
ɯ	-1	1	1	0	1	-1	-1	-1	1	-1	-1	-1	-1	-1	-1	0	0	0	-1	1	1	-1	-1	1	1	-1
u	-1	1	1	0	1	-1	-1	-1	1	-1	-1	-1	1	-1	-1	0	0	0	-1	1	1	-1	-1	1	1	-1
ú	-1	1	1	0	1	-1	-1	-1	1	-1	-1	-1	1	-1	-1	0	0	0	-1	1	1	-1	-1	1	1	1
ú	-1	1	1	0	1	-1	-1	-1	1	-1	-1	-1	1	-1	-1	0	0	0	-1	1	1	-1	-1	1	1	1
# yet another entry for secondary stress... check with michael
ù	-1	1	1	0	1	-1	-1	-1	1	-1	-1	-1	1	-1	-1	0	0	0	-1	1	1	-1	-1	1	1	1
ɪ	-1	1	1	0	1	-1	-1	-1	1	-1	-1	-1	-1	-1	-1	0	0	0	-1	1	1	-1	1	-1	-1	-1
ʏ	-1	1	1	0	1	-1	-1	-1	1	-1	-1	-1	1	-1	-1	0	0	0	-1	1	1	-1	1	-1	-1	-1
ʊ	-1	1	1	0	1	-1	-1	-1	1	-1	-1	-1	1	-1	-1	0	0	0	-1	1	1	-1	-1	1	-1	-1
e	-1	1	1	0	1	-1	-1	-1	1	-1	-1	-1	-1	-1	-1	0	0	0	-1	1	-1	-1	1	-1	1	-1
é	-1	1	1	0	1	-1	-1	-1	1	-1	-1	-1	-1	-1	-1	0	0	0	-1	1	-1	-1	1	-1	1	1
# the below entry is questionable, consult with michael
è	-1	1	1	0	1	-1	-1	-1	1	-1	-1	-1	-1	-1	-1	0	0	0	-1	1	-1	-1	1	-1	1	1
ø	-1	1	1	0	1	-1	-1	-1	1	-1	-1	-1	1	-1	-1	0	0	0	-1	1	-1	-1	1	-1	1	-1
ɘ	-1	1	1	0	1	-1	-1	-1	1	-1	-1	-1	-1	-1	-1	0	0	0	-1	1	-1	-1	-1	-1	1	-1
ɵ	-1	1	1	0	1	-1	-1	-1	1	-1	-1	-1	1	-1	-1	0	0	0	-1	1	-1	-1	-1	-1	1	-1
ɤ	-1	1	1	0	1	-1	-1	-1	1	-1	-1	-1	-1	-1	-1	0	0	0	-1	1	-1	-1	-1	1	1	-1
o	-1	1	1	0	1	-1	-1	-1	1	-1	-1	-1	1	-1	-1	0	0	0	-1	1	-1	-1	-1	1	1	-1
ó	-1	1	1	0	1	-1	-1	-1	1	-1	-1	-1	1	-1	-1	0	0	0	-1	1	-1	-1	-1	1	1	1
ɛ	-1	1	1	0	1	-1	-1	-1	1	-1	-1	-1	-1	-1	-1	0	0	0	-1	1	-1	-1	1	-1	-1	-1
œ	-1	1	1	0	1	-1	-1	-1	1	-1	-1	-1	1	-1	-1	0	0	0	-1	1	-1	-1	1	-1	-1	-1
ɚ	-1	1	1	0	1	-1	-1	-1	1	-1	-1	-1	-1	-1	1	-1	1	-1	-1	-1	-1	-1	-1	-1	-1	-1
ə	-1	1	1	0	1	-1	-1	-1	1	-1	-1	-1	-1	-1	-1	0	0	0	-1	1	-1	-1	-1	-1	-1	-1
ɞ	-1	1	1	0	1	-1	-1	-1	1	-1	-1	-1	1	-1	-1	0	0	0	-1	1	-1	-1	-1	-1	-1	-1
ʌ	-1	1	1	0	1	-1	-1	-1	1	-1	-1	-1	-1	-1	-1	0	0	0	-1	1	-1	-1	-1	1	-1	-1
ɔ	-1	1	1	0	1	-1	-1	-1	1	-1	-1	-1	1	-1	-1	0	0	0	-1	1	-1	-1	-1	1	-1	-1
æ	-1	1	1	0	1	-1	-1	-1	1	-1	-1	-1	-1	-1	-1	0	0	0	-1	1	-1	1	1	-1	0	-1
ɶ	-1	1	1	0	1	-1	-1	-1	1	-1	-1	-1	1	-1	-1	0	0	0	-1	1	-1	1	1	-1	0	-1
a	-1	1	1	0	1	-1	-1	-1	1	-1	-1	-1	-1	-1	-1	0	0	0	-1	1	-1	1	-1	-1	0	-1
á	-1	1	1	0	1	-1	-1	-1	1	-1	-1	-1	-1	-1	-1	0	0	0	-1	1	-1	1	-1	-1	0	1
# check with michael regarding below entry and all secondary stress markers
à	-1	1	1	0	1	-1	-1	-1	1	-1	-1	-1	-1	-1	-1	0	0	0	-1	1	-1	1	-1	-1	0	1
ɑ	-1	1	1	0	1	-1	-1	-1	1	-1	-1	-1	-1	-1	-1	0	0	0	-1	1	-1	1	-1	1	0	-1
ɒ	-1	1	1	0	1	-1	-1	-1	1	-1	-1	-1	1	-1	-1	0	0	0	-1	1	-1	1	-1	1	0	-1
ĩ	-1	1	1	0	1	-1	-1	1	1	-1	-1	-1	-1	-1	-1	0	0	0	-1	1	1	-1	1	-1	1	-1
ỹ	-1	1	1	0	1	-1	-1	1	1	-1	-1	-1	1	-1	-1	0	0	0	-1	1	1	-1	1	-1	1	-1
ɨ̃	-1	1	1	0	1	-1	-1	1	1	-1	-1	-1	-1	-1	-1	0	0	0	-1	1	1	-1	-1	-1	1	-1
ʉ̃	-1	1	1	0	1	-1	-1	1	1	-1	-1	-1	1	-1	-1	0	0	0	-1	1	1	-1	-1	-1	1	-1
ɯ̃	-1	1	1	0	1	-1	-1	1	1	-1	-1	-1	-1	-1	-1	0	0	0	-1	1	1	-1	-1	1	1	-1
ũ	-1	1	1	0	1	-1	-1	1	1	-1	-1	-1	1	-1	-1	0	0	0	-1	1	1	-1	-1	1	1	-1
ɪ̃	-1	1	1	0	1	-1	-1	1	1	-1	-1	-1	-1	-1	-1	0	0	0	-1	1	1	-1	1	-1	-1	-1
ʏ̃	-1	1	1	0	1	-1	-1	1	1	-1	-1	-1	1	-1	-1	0	0	0	-1	1	1	-1	1	-1	-1	-1
ʊ̃	-1	1	1	0	1	-1	-1	1	1	-1	-1	-1	1	-1	-1	0	0	0	-1	1	1	-1	-1	1	-1	-1
ẽ	-1	1	1	0	1	-1	-1	1	1	-1	-1	-1	-1	-1	-1	0	0	0	-1	1	-1	-1	1	-1	1	-1
ø̃	-1	1	1	0	1	-1	-1	1	1	-1	-1	-1	1	-1	-1	0	0	0	-1	1	-1	-1	1	-1	1	-1
ɘ̃	-1	1	1	0	1	-1	-1	1	1	-1	-1	-1	-1	-1	-1	0	0	0	-1	1	-1	-1	-1	-1	1	-1
ɵ̃	-1	1	1	0	1	-1	-1	1	1	-1	-1	-1	1	-1	-1	0	0	0	-1	1	-1	-1	-1	-1	1	-1
ɤ̃	-1	1	1	0	1	-1	-1	1	1	-1	-1	-1	-1	-1	-1	0	0	0	-1	1	-1	-1	-1	1	1	-1
õ	-1	1	1	0	1	-1	-1	1	1	-1	-1	-1	1	-1	-1	0	0	0	-1	1	-1	-1	-1	1	1	-1
ɛ̃	-1	1	1	0	1	-1	-1	1	1	-1	-1	-1	-1	-1	-1	0	0	0	-1	1	-1	-1	1	-1	-1	-1
œ̃	-1	1	1	0	1	-1	-1	1	1	-1	-1	-1	1	-1	-1	0	0	0	-1	1	-1	-1	1	-1	-1	-1
ə̃	-1	1	1	0	1	-1	-1	1	1	-1	-1	-1	-1	-1	-1	0	0	0	-1	1	-1	-1	-1	-1	-1	-1
ɞ̃	-1	1	1	0	1	-1	-1	1	1	-1	-1	-1	1	-1	-1	0	0	0	-1	1	-1	-1	-1	-1	-1	-1
ʌ̃	-1	1	1	0	1	-1	-1	1	1	-1	-1	-1	-1	-1	-1	0	0	0	-1	1	-1	-1	-1	1	-1	-1
ɔ̃	-1	1	1	0	1	-1	-1	1	1	-1	-1	-1	1	-1	-1	0	0	0	-1	1	-1	-1	-1	1	-1	-1
æ̃	-1	1	1	0	1	-1	-1	1	1	-1	-1	-1	-1	-1	-1	0	0	0	-1	1	-1	1	1	-1	0	-1
ɶ̃	-1	1	1	0	1	-1	-1	1	1	-1	-1	-1	1	-1	-1	0	0	0	-1	1	-1	1	1	-1	0	-1
ã	-1	1	1	0	1	-1	-1	1	1	-1	-1	-1	-1	-1	-1	0	0	0	-1	1	-1	1	-1	-1	0	-1
ɑ̃	-1	1	1	0	1	-1	-1	1	1	-1	-1	-1	-1	-1	-1	0	0	0	-1	1	-1	1	-1	1	0	-1
ɒ̃	-1	1	1	0	1	-1	-1	1	1	-1	-1	-1	1	-1	-1	0	0	0	-1	1	-1	1	-1	1	0	-1
-	8	8	8	8	8	8	8	8	8	8	8	8	8	8	8	8	8	8	8	8	8	8	8	8	8	8
_	9	9	9	9	9	9	9	9	9	9	9	9	9	9	9	9	9	9	9	9	9	9	9	9	9	9	
